    0
    0
16335
  113
    8
16301
16225
16206
16208
  256
   85
   23
16347
16350
16254
  225
  144
   57
  215
16300
  529
   62
  106
16238
  151
16295
16369
  408
15961
16180
  151
  109
   48
16318
16382
16359
  834
   33
16345
  101
16383
16299
  112
  240
16194
   45
   61
16361
   45
16307
16295
   22
16271
  237
16252
   71
16251
16352
   30
   73
  124
  172
16329
16280
    6
16099
15934
  128
16162
  647
16304
16345
16345
  165
  139
16313
   27
   40
  320
15961
   42
16375
16268
16302
16102
16380
16335
16147
   72
16213
16357
16300
  416
  109
16288
   80
  138
  196
  162
16185
   78
16220
  129
16341
    9
  140
16293
16353
15827
   31
   38
16103
   13
   10
   14
   92
15793
16301
   52
   42
   19
16373
   37
  158
16376
  736
  152
   13
   44
16299
16224
16381
   34
16325
   36
16345
  209
16344
  116
   39
   66
   74
16294
  132
16360
   91
16137
   26
 1049
16351
  396
  202
  194
16261
16297
15633
  125
 2124
16294
  166
  121
  136
16335
16240
16365
16380
    6
16035
16249
16328
  865
   11
  193
16381
  155
  114
16342
  324
16325
16354
16211
  203
16248
   94
  168
  132
16313
  248
  436
   52
16329
   82
16138
   42
16206
   53
   25
16383
16376
 1346
16302
   38
   85
   68
  169
  549
16382
16282
16155
   63
16184
  316
16367
16376
16373
  179
16343
16346
16349
16382
   52
   41
16365
16340
    7
16222
  160
16378
16200
   30
16363
   45
   34
  252
   41
  119
16289
  292
   52
15988
   26
16372
   70
    0
  104
   20
16335
16278
  233
16323
   67
  153
   73
  121
  150
16228
   32
16378
16369
   86
   75
    1
16227
16307
16250
   32
16234
   56
  102
16331
16354
  123
   31
   88
16347
   55
   63
16345
   87
   63
   42
   88
   61
16163
16358
   58
16304
16342
   72
  198
   82
   41
16331
16241
16316
16315
16162
    0
    0
   49
   12
  245
   24
  184
   15
   32
  131
   39
16246
16368
16337
16254
16285
16101
16360
16166
16362
16218
   14
16163
   48
   17
  112
16261
   79
16176
  192
16283
 5127
  301
   99
  936
    1
  408
16382
  111
  317
16307
16363
16344
   76
16268
   12
  102
  143
16331
16201
  290
   56
16350
16344
16236
  253
16376
  147
16220
16378
  184
   37
16145
16089
  110
   76
   59
   48
16341
16333
   22
16374
   34
16105
  100
16365
   97
   24
   98
16191
16284
16338
  302
   40
  138
16273
16304
   44
16299
   52
16312
   49
   96
16311
16326
16243
  217
   78
  186
16286
16087
16369
   80
  291
    5
   17
16359
   29
16270
16354
16201
    0
  208
15957
16378
   30
16300
16347
16303
  152
16298
  124
   77
  147
16291
16231
  101
  148
   50
  222
15680
    1
15279
  128
16170
  252
16329
   83
16307
16343
  123
16145
   17
  171
16283
   55
  125
16327
16318
16329
  112
16353
  113
16248
  195
16351
 1381
16302
 1961
   90
15685
16191
   34
16271
16231
   12
    5
    8
16348
16378
16362
  179
  264
15721
16047
  272
  730
16303
16173
16334
   36
16003
16368
    6
   58
  245
   21
15190
16326
  168
   41
  111
16323
16368
  175
16279
  153
16290
  405
16186
   12
15797
   81
  394
16240
16100
   21
   57
16234
  125
16232
16186
16063
16116
  136
16280
   10
16272
  116
16185
16192
  262
  258
   99
16253
16285
    4
16283
   15
  154
16342
16319
16342
   70
   42
    9
16235
16369
16348
   33
16279
16256
  212
  158
16338
   92
16044
16221
16237
  136
16239
   48
   55
   69
16231
   37
   73
15851
   98
16379
   84
16354
  103
16033
16210
  175
16327
  112
16333
  121
  311
16279
16339
16361
16309
  258
   59
16266
   54
  118
   31
   99
16262
16293
  103
16307
  279
  133
16343
16341
  189
16282
   82
16251
  159
16363
16335
   40
16324
  167
16302
16352
   44
16298
16355
16272
16289
16218
   15
  109
16235
  109
16296
16295
   86
  265
  140
15029
  213
  257
16205
16334
  420
16209
  265
  520
  138
  166
15101
16273
   43
16300
   11
16329
   21
15955
   52
   32
   12
   35
   71
  220
  297
16211
16275
16187
15967
  398
16243
16345
   29
  250
  169
   33
   53
16238
   66
   47
16212
  278
  163
   97
   24
   90
  137
16373
16260
16378
    7
16196
16325
  240
  503
   21
  120
16207
15971
16294
16368
16319
  262
16149
16317
16290
   72
   95
 1003
   68
  176
16178
    3
16340
16263
16246
16298
16293
16375
16371
  100
   36
   78
16186
  106
   54
   12
  165
  116
  169
16323
  242
16216
  150
16298
16326
16365
   20
16316
16284
   76
16295
   11
    9
16300
16186
   96
16329
   87
16326
16375
  108
   95
   33
   49
16383
  191
   29
  108
  149
16241
   29
16298
  208
   53
16336
16371
16229
    2
16379
   56
   25
  183
  121
  278
   98
   10
16366
   36
   10
16271
   36
16311
16168
16251
16279
16345
  229
  191
   79
   81
16362
16381
    8
   45
   46
   16
   46
  228
   33
16272
    9
16339
16321
   22
16295
   22
16353
16281
16321
   92
   21
   99
16251
    3
16330
16307
   64
16312
  372
  219
  101
16287
   26
16341
   36
   71
  189
16361
   80
16367
16276
   13
16383
16327
16200
   50
   45
   74
16278
   39
16368
  103
16313
   41
16365
   85
16378
   74
  388
  131
  105
   36
  114
16174
16373
16336
16348
   55
   16
   26
16348
   18
16335
16362
  270
  123
    1
   18
    5
   25
   32
   22
   53
16313
   46
   53
16374
   45
  106
  109
    2
16262
   29
   90
   50
16313
16311
16315
   49
16214
16340
16359
16213
16377
16314
   59
16241
16358
    5
   98
   28
16296
16308
   57
16285
16326
   54
15961
16326
16211
16368
16250
16295
16252
16270
   34
  872
   80
16364
16187
16367
16072
14492
16222
16180
   13
16340
16370
16366
    1
    6
   50
   42
   46
   68
   10
16369
16355
    2
16353
16381
   36
   67
16298
16128
16220
16309
16283
16152
    3
16381
    1
16292
    3
    9
   50
16359
    6
16379
    0
   19
    3
16370
   11
16363
16319
16321
   28
    5
   10
16364
16347
16362
   36
    0
   15
16381
16354
16359
16380
16380
   11
16357
    1
16340
   13
   20
   33
16329
   16
   11
   17
   19
16317
16380
    1
    0
    3
   10
16362
16362
   13
   12
    8
   19
   20
16378
16375
16372
16379
16373
16353
16345
16374
    3
   16
16318
   11
16355
16351
   13
16378
16381
    7
16365
    1
   11
16380
16377
   20
16375
    9
16349
   13
16377
16309
   73
   18
16374
    6
    2
16375
   11
    7
16380
    8
16380
16350
16379
    4
    2
16374
16378
    7
16372
    1
    1
   27
  192
16321
16354
16382
16381
16379
    6
16378
    7
   12
16368
    1
16382
16383
16379
    0
    5
    2
16379
    1
16383
16381
    6
16375
    1
    3
16382
16381
16383
   37
16303
   14
   37
    6
16375
16379
    0
    0
    0
    1
16383
    1
    0
    1
    0
    1
    1
    1
16383
16383
    2
    2
16382
    5
    3
16383
    2
    1
16382
    6
    0
16383
    0
16383
    3
    3
    0
    5
    4
    2
    1
   13
    4
    0
    6
    3
   15
    8
    0
16382
16383
16381
16382
    0
16383
    1
16382
16382
16383
    0
    2
    4
    1
    2
    0
16383
16381
16380
16381
16381
16383
    0
16383
16383
    0
16383
    2
16378
16381
16374
16377
    0
    0
16383
16383
    0
    0
    0
    0
    1
    0
    2
    2
    4
    5
    3
16383
16382
16379
16380
16381
16381
    3
    3
    6
    5
    0
16383
    2
    4
    4
    5
    1
16380
16381
16382
    0
    2
    1
16383
16381
16381
16378
16358
16364
16361
16368
    3
    5
    5
    6
    1
    0
    2
    1
    7
    6
   10
    5
    6
    5
16381
16381
16381
16378
16379
16381
16378
16380
16378
16380
    5
16383
    2
    2
16377
16383
16381
16377
16381
16379
16378
16376
16377
16379
16380
16381
    3
16380
16380
16383
16376
16381
16380
16379
16381
16381
    1
16383
    3
    4
16383
    0
16382
16383
    2
    1
    0
16381
    9
   10
   16
   11
    0
16379
16377
16371
16365
16369
16372
16372
16379
16377
16376
16380
16376
16380
    2
    5
    5
    5
    5
    7
    9
    3
16383
16379
16376
16378
16376
16374
16376
    3
    8
   15
   14
    4
    4
   11
    0
16379
16378
16371
16381
    2
    0
    4
    7
    4
    2
16381
16379
16375
16377
16376
   37
   45
   50
   50
   24
   27
   29
   21
16383
16381
    1
    2
16380
16381
16381
16376
16383
    0
    0
    6
    2
    1
    0
16380
16379
16376
16375
16379
16378
16370
16372
16375
16375
    0
   19
   16
   18
   17
16325
16329
16327
16329
16381
16377
16377
16380
16380
16382
    0
16381
16383
16382
16378
16382
16382
16370
16379
16369
16370
16381
16377
16382
    1
    1
    1
16377
16373
16374
16375
16379
16374
16373
16372
16376
16381
16380
    0
16383
16383
    6
    2
    7
    5
16381
16380
16379
16379
16381
16383
16379
16378
16378
16376
16380
16379
16378
    5
    2
    2
    3
16375
16378
    1
16382
    2
    2
    2
   10
    9
   11
   13
    4
    2
16381
16375
16379
16376
16376
16383
16381
16383
16380
16379
16381
    3
    9
    1
    1
16379
16378
16380
16378
    0
16381
16380
16382
16379
16380
    1
    2
    1
    4
16383
16382
16381
16381
16379
16382
16380
    0
   11
   10
    9
    3
16376
16367
16356
16351
16354
16359
16381
    5
    3
    5
16381
   11
   12
   13
   13
16380
16380
16383
    2
    3
16376
16371
16371
16367
16381
16380
16379
16383
    0
16383
    0
16380
    2
    4
    1
   13
   13
   11
   15
    1
16377
16382
16326
16318
16313
16298
16290
16291
16283
16289
16298
16304
16316
16331
16342
16351
16365
16370
16379
    6
   18
   32
   48
   62
   73
   80
   76
   77
   80
   77
   82
   76
   70
   61
   50
   34
   14
    6
16378
16372
16365
16348
16337
16325
16318
16313
16306
16309
16307
16314
16322
16321
16325
16329
16334
16263
16276
16283
16293
   17
   29
   44
   61
   65
   69
   68
   69
   75
   83
   84
   84
   80
   71
   62
   50
   40
   32
   23
    8
16377
16367
16349
16339
16327
16316
16312
16305
16305
16309
16314
16321
16315
16316
16325
16333
16345
16366
16383
   13
   26
   22
   42
   51
   65
   75
   71
   80
   67
   73
   65
   59
   73
   62
   58
   25
    4
    2
16373
    8
16379
16366
16355
16342
16336
16313
16289
16300
16297
16311
16307
16275
16273
16281
16310
16326
16348
16363
16373
    3
    9
   13
   24
   39
   10
   19
   27
   27
   87
   98
   97
   95
   89
   65
   57
   47
   34
   21
   11
16382
16374
16344
16331
16316
16302
16318
16309
16309
16302
16304
16294
16294
16307
16311
16329
16339
16337
16349
16359
16364
    1
   17
   41
   57
   74
   76
   74
   78
   78
   85
   83
   76
   68
  108
  101
   98
   69
16359
16360
16341
16345
16343
16337
16339
16339
16320
16312
16296
16291
16297
16299
16307
16317
16321
16339
16352
16361
16375
16379
   12
   18
   36
   53
   56
   55
   66
   74
   88
   99
   86
   80
   76
   77
   66
   60
   44
   28
   17
16381
16372
16367
16360
16352
16344
16322
16320
16315
16309
16311
16299
16299
16304
16309
16312
16322
16333
16361
    2
   17
16377
16367
16377
16383
   38
   58
   68
   71
   71
   60
   66
   60
   84
   98
   77
   85
   49
   18
   10
16366
16355
16349
16339
16347
16342
16337
16321
16275
16277
16273
16288
16317
16309
16315
16309
16313
16329
16349
16370
   29
   24
   24
   30
   25
   53
   68
   78
   79
   80
   79
   82
   83
   87
   84
   83
   68
   51
   36
   12
    9
16368
    2
    8
16379
16374
16343
16326
16311
16314
16309
16304
16310
16294
16303
16311
16319
16329
16336
16345
16361
    8
   14
   24
   30
   29
   52
   59
   62
   76
   57
   47
   45
   47
   52
   96
   92
   78
   59
   12
16370
16357
16359
16350
16361
  404
  336
  323
  328
16281
16301
16116
16139
16189
16167
16335
16324
16328
16355
16349
16370
    5
   11
16315
16348
   38
   52
  157
  143
   94
  165
  143
  167
  184
  114
   97
   80
   46
    9
   10
    6
16354
16361
16312
16290
16311
16280
16290
16299
16229
16280
16293
16284
16292
16288
16282
16296
16355
16329
16327
16356
16333
16360
   44
   53
   59
   91
   58
   62
   30
   41
   57
   42
   71
   61
  219
  181
  160
  137
16380
   18
    9
    2
16357
16315
16321
16304
16325
16306
16119
16140
16111
16157
16286
16304
16353
16328
   17
    3
16367
16366
16345
16366
    9
   45
   38
   74
   80
   82
   92
   88
   91
   56
   71
   71
   50
   62
   41
   21
   17
16383
16356
16357
16336
16328
16364
16345
16356
16358
16334
16321
16310
16310
16302
16307
16325
16322
16285
16323
16341
16354
   49
   40
   38
   57
   33
   32
   43
   36
   45
   62
   62
   77
   75
   76
  215
  160
  151
  140
   24
    9
16371
16351
16333
16335
16324
16313
16311
16292
16296
16299
16303
16311
16309
16306
16317
16322
16328
16349
16360
16372
    4
   27
   38
   52
   62
   63
   78
   75
   82
   83
   77
   72
   71
   70
   63
   53
   45
   31
   19
    9
    0
16378
16358
16349
16329
16322
16319
16307
16307
16299
16301
16302
16287
16307
16311
16319
16339
16347
16360
16375
    4
   16
   27
   41
   49
   62
   65
   76
   76
   75
   80
   84
   76
   70
   66
   55
   46
   36
   18
   12
16381
16367
16358
16346
16337
16326
16315
16310
16308
16301
16301
16306
16305
16310
16318
16328
16338
16348
16359
16361
    2
   16
   27
   38
   48
   61
   72
   73
   76
   81
   79
   80
   74
   66
   62
   54
   46
   33
   22
   11
    0
16371
16356
16343
16333
16324
16320
16312
16306
16299
16302
16305
16314
16320
16321
16326
16337
16352
16367
16379
    2
   12
   17
   29
   36
   53
   66
   73
   79
   76
   75
   77
   74
   69
   65
   55
   42
   29
   13
    3
16379
16369
16371
16365
16356
16342
16322
16317
16309
16309
16305
16303
16300
16296
16302
16316
16333
16348
16362
16381
   12
   26
   34
   32
   48
   57
   70
   79
   80
   82
   76
   79
   74
   72
   66
   55
   49
   36
   12
16381
16368
16355
16360
16341
16332
16321
16303
16293
16288
16288
16304
16311
16318
16324
16323
16331
16332
16346
16355
16368
   25
   42
   54
   64
   54
   66
   76
   78
   71
   71
   62
   64
   69
   55
   53
   47
   49
   62
   44
   26
    3
16359
16349
16336
16327
16315
16309
16305
16299
16299
16299
16298
16301
16300
16308
16319
16330
16355
16367
16379
16355
16353
16370
    5
   58
   61
   58
   64
   70
   80
   93
   94
   81
   76
   50
   45
   37
   29
   35
   17
    7
16344
16322
16308
16297
16314
16322
16316
16314
16312
16294
16297
16303
16309
16322
16341
16355
16354
16356
16365
16377
   21
   40
   44
   54
   54
   59
   73
   91
   99
   85
   86
   70
   63
   60
   43
   34
   25
   15
   36
   24
   14
    3
16338
16329
16312
16306
16303
16297
16306
16296
16301
16314
16314
16327
16331
16329
16334
16346
16355
16375
    6
   10
   39
   42
   55
   65
   49
   65
   63
   62
   73
   61
   70
   72
   58
   61
   61
   44
   33
   13
16361
16346
16331
16315
16314
16316
16315
16313
16312
16311
16320
16337
16336
16353
16322
16321
16327
16333
16368
16374
   12
   45
   60
   89
   88
   69
   76
   63
   84
   93
   96
   99
   85
   65
   55
   31
   28
   23
   14
   10
16383
16373
16358
16325
16301
16295
16284
16295
16279
16276
16275
16291
16322
16338
16364
16353
16357
16374
16379
    8
16380
16378
16382
   27
   58
   88
  104
  103
  102
   85
   89
  102
  100
   97
   80
   60
   45
   34
   14
    2
16379
16358
16343
16322
16313
16309
16304
16318
16310
16305
16300
16298
16303
16311
16323
16325
16342
16351
16363
16365
16379
16363
16367
    9
   26
   89
  104
  106
   92
   64
   69
   60
   54
   73
   60
   60
   58
   48
   23
16382
16373
16332
16323
16325
16298
16314
16293
16266
16275
16280
16306
16324
16322
16315
16317
16321
16334
16357
16370
    2
   17
16338
16337
16335
16335
   39
   50
   67
   93
   85
   76
   59
   54
   62
   64
   58
   35
   10
16369
16369
16357
16345
16338
16324
16312
16304
16294
16293
16280
16270
16270
16277
16302
16332
16337
16344
16340
16343
16378
   14
   51
   59
   45
   46
   56
   66
   76
   77
   78
   86
   92
   73
   69
   55
   55
   58
   49
16365
16339
16337
16310
16361
16343
16327
16317
16318
16313
16316
16328
16318
16321
16318
16310
16316
16329
16346
16365
    1
    7
   23
   43
   49
   69
   73
   68
   79
   78
   89
   87
   83
   75
   61
   58
   62
   50
   37
   32
    9
    2
16380
    8
    4
16374
16362
16340
16315
16303
16302
16279
16293
16301
16296
16305
16308
16319
16313
16326
16339
16351
    2
   19
   35
   61
   66
   75
   75
   64
   67
   80
   99
   99
   58
   48
   46
   53
   80
   44
   31
    4
16379
16379
16371
16371
16374
16357
16326
16306
16281
16286
16282
16284
16297
16291
16317
16317
16337
16352
16355
    3
16377
   23
   20
   22
   28
   25
   44
   42
   50
   48
   60
   80
   85
   86
   75
   70
   75
   62
   47
   14
16371
16345
16323
16326
16318
16329
16319
16318
16308
16301
16299
16264
16269
16261
16279
16306
16312
16338
16358
    7
   20
   40
   49
   35
   69
   64
   55
   92
   76
   90
  109
   99
  103
   65
   45
   25
    9
   41
   52
   43
   30
    7
16354
16338
16333
16325
16310
16302
16295
16305
16293
16287
16283
16285
16309
16320
16340
16343
16363
16359
    3
   24
   35
   63
   40
   44
   58
   66
   79
   85
   77
   79
   82
   89
   79
   93
   80
   71
   58
    9
    4
16371
16357
16339
16317
16298
16301
16299
16312
16329
16324
16326
16299
16302
16313
16328
16351
16025
15989
15964
16029
   95
  138
  136
   87
   82
   55
   81
   94
   80
   81
   53
   50
   64
   38
   39
   16
   13
   27
    0
16382
16358
16347
16373
16354
16354
16342
16299
16323
16309
16315
16328
16283
16293
16304
16324
16371
16379
16360
16358
16369
   12
   30
   35
    2
   13
   68
   97
  116
  108
   72
   65
   88
   88
   83
   78
   44
   47
   15
    4
16359
16341
16360
16333
16352
16328
16308
16305
16287
16286
16303
16321
   59
   46
   66
   15
16339
16347
16354
16377
    5
   17
   29
   51
   64
  126
  109
  103
   84
   49
   87
   85
   94
   89
   66
   59
   35
16382
16379
16097
16126
16135
16206
16345
16332
16324
16315
16311
16305
16303
16301
16303
16307
16312
16318
16326
16337
16348
16361
16374
    1
   15
   27
   40
   48
   58
   64
   74
   78
   83
   83
   83
   78
   72
   63
   55
   43
   28
   20
    6
16380
16369
16359
16345
16336
16322
16316
16311
16307
16304
16305
16300
16304
16309
16318
16330
16340
16348
16359
16370
16383
   12
   24
   33
   47
   58
   63
   74
   75
   76
   77
   80
   83
   76
   71
   59
   44
   38
   26
   14
    3
16375
16365
16352
16340
16323
16317
16309
16303
16304
16297
16296
16302
16311
16323
16330
16343
16350
16365
16380
   10
   19
   24
   35
   45
   59
   70
   82
   81
   83
   83
   79
   72
   68
   57
   38
   22
    1
16376
16369
16377
16363
16359
16344
16331
16324
16322
16317
16315
16312
16302
16304
16305
16308
16319
16330
16342
16351
16360
16364
16383
   12
   19
   31
   37
   44
   61
   64
   85
   95
   93
  172
  159
  143
  139
   56
   46
   33
   22
   10
    1
16373
16362
16343
16335
16325
16316
16312
16308
16307
16307
16305
16305
16311
16317
16321
16341
16352
16368
16382
    1
   15
   26
   38
   54
   58
   69
   77
   80
   88
   83
   82
   85
   77
   66
   59
   41
   25
   13
    4
16375
16369
16357
16343
16336
16329
16318
16313
16307
16301
16301
16302
16305
16316
16323
16327
16336
16349
16362
16377
    6
   10
   22
   45
   63
   77
   87
   84
   81
   80
   74
   62
   68
   63
   58
   56
   44
   35
   27
   12
16383
16366
16352
16341
16332
16325
16314
16309
16299
16299
16303
16308
16311
16307
16314
16324
16348
16359
16371
16378
16380
    3
   19
   46
   63
   74
   72
   63
   62
   67
   71
   68
   68
   69
   72
   46
   39
   24
    9
   13
16383
16365
16355
16337
16330
16323
16313
16321
16309
16300
16298
16295
16301
16306
16321
16329
16341
16361
16362
16380
16380
   22
   35
   32
   19
   21
   19
   35
   77
   58
   76
   91
   86
   86
   76
   63
   57
   50
   37
   16
16120
16077
16068
16036
16303
16296
16276
16265
16287
16278
16298
16296
16297
16288
16299
16300
16342
16381
    0
   21
   17
   21
   35
   63
   76
   82
  113
   91
  122
  119
   92
  110
   81
   42
   41
16367
16347
   20
   72
  122
  103
  116
16357
16344
16224
16186
16206
16194
16314
16302
16295
16291
16291
16314
16326
16335
16356
16348
16361
16365
    6
   28
   37
   61
   54
   73
   73
   69
   85
   96
   95
  110
   97
   71
   65
   45
   35
   26
   12
    1
16382
16380
16374
16360
16348
16331
16324
16316
16302
16302
16294
16299
16318
16322
16334
16336
16337
16350
16362
16374
16377
    2
    9
   16
   40
   54
   64
   84
   90
   78
   76
   67
   79
   67
   61
   54
   34
   40
   27
    5
16377
16358
16348
16346
16335
16325
16314
16311
16311
16314
16307
16300
16302
16303
16311
16328
16340
16364
16373
16383
   11
   20
   31
   41
   55
   64
   70
   78
   70
   66
   81
   74
   73
   74
   71
   65
   51
   41
   16
    9
16380
16359
16353
16337
16323
16322
16315
16305
16302
16298
16294
16298
16304
16309
16317
16327
16339
16345
16361
16377
    5
   18
   32
   42
   55
   61
   69
   74
   78
   81
   75
   73
   70
   66
   61
   56
   47
   37
   23
    8
16380
16367
16359
16353
16338
16325
16316
16308
16305
16306
16305
16312
16325
16347
16366
16327
16332
16346
16363
16374
    5
   17
   23
   34
   43
   52
   72
   83
   91
   98
   85
   83
   77
   71
   64
   55
   50
   37
   27
   11
16377
16368
16356
16347
16340
16329
16320
16312
16306
16302
16303
16303
16306
16309
16312
16322
16330
16347
16358
16372
    3
   15
   27
   39
   50
   59
   68
   73
   79
   81
   83
   79
   76
   70
   63
   56
   44
   33
   22
   11
16382
16371
16357
16348
16336
16326
16329
16317
16312
16309
16296
16299
16298
16308
16308
16317
16330
16340
16362
16374
    4
   19
   28
   45
   54
   63
   72
   72
   78
   79
   77
   78
   74
   70
   64
   58
   46
   34
   21
    7
16377
16363
16350
16337
16335
16324
16317
16311
16302
16300
16301
16305
16309
16319
16323
16332
    6
   11
   19
   25
    2
   15
   28
    0
   16
   33
   45
   70
   73
   66
   70
   71
   63
   62
   54
   55
   54
   47
   35
   14
    0
16367
16352
16340
16330
16318
16312
16307
16304
16309
16309
16313
16314
16322
16327
16334
16351
16353
16359
16363
16336
16350
16369
    4
   43
   54
   62
   66
   68
   66
   68
  149
  156
  157
  153
   56
   46
   35
   30
   18
    6
16379
16355
16347
16335
16327
16321
16309
16306
16302
16302
16302
16305
16310
16319
16330
16339
16351
16359
16366
    1
   15
   36
   52
   53
   68
   68
   74
   79
   81
   85
   84
   84
   73
   66
   56
   44
   24
   12
16382
16374
16353
16319
16313
16289
16306
16315
16310
16306
16302
16301
16303
16308
16313
16320
16329
16338
16349
16361
16373
    1
   15
   27
   39
   49
   59
   68
   75
   80
   75
   45
   42
   47
   49
   65
   50
   42
   35
   20
   11
16375
16360
16351
16337
16327
16317
16308
16302
16302
16303
16304
16308
16311
16315
16321
16329
16337
16347
16359
16377
    7
   21
   32
   40
   49
   54
   56
   64
   72
   78
   83
   81
   79
   74
   68
   60
   50
   36
   24
    9
16382
16369
16355
16344
16336
16328
16320
16312
16305
16300
16299
16300
16305
16311
16318
16325
16336
16348
16360
16373
    1
   14
   28
   39
   48
   59
   69
   75
   79
   82
   83
   80
   78
   70
   65
   58
   43
   34
   22
    7
    0
16369
16356
16345
16330
16323
16315
16311
16307
16304
16304
16305
16310
16314
16321
16327
16335
16350
16363
16378
    4
   19
   28
   37
   55
   60
   70
   76
   74
   74
   73
   69
   12
   28
   22
   19
   52
   35
   25
    2
16374
16365
16357
16349
16332
16322
16308
16309
16304
16304
16307
16305
16313
16314
16327
16330
16332
16343
16353
16371
    5
   15
   30
   43
   47
   65
   72
   78
   83
   74
   79
   76
   72
   73
   59
   47
   42
   31
   23
   21
    9
    0
16368
16360
16350
16342
16335
16323
16310
16302
16292
16283
16287
16297
16315
16345
16372
    6
   18
   11
    9
   21
   27
   42
   59
   70
   81
   88
   80
   48
   49
   46
   53
   72
   63
   54
   36
   23
   21
    8
16382
16376
16368
16373
16353
16339
16312
16292
16298
16300
16302
16300
16306
16299
16319
16330
16331
16339
16355
16368
16358
16377
16382
    7
   30
   34
   42
   56
   68
   83
  131
  113
  117
  108
   62
   34
16377
16375
16361
16368
16376
16309
16303
16290
16283
16327
16316
16313
16302
16298
16295
16293
16299
16304
16313
16324
16335
16353
16371
    7
   22
   26
   29
   34
   40
   45
   63
   58
   69
   67
   67
   74
   63
   64
   53
   36
   37
   30
   23
    5
16364
16356
16344
16336
16335
16334
16332
16321
16316
16305
16285
16301
16307
16322
16329
16331
16338
16323
16338
16355
16376
   18
   34
   53
   58
   62
   60
   49
   57
   62
   74
   85
  117
  114
  266
  216
  149
  147
   87
   69
   26
    4
16355
16344
16334
16324
16315
16309
16305
16297
16299
16302
16306
16312
16319
16328
16337
16348
16362
16373
    5
   13
   25
   35
   50
   61
   69
   73
   78
   82
   83
   82
   76
   71
   62
   54
   44
   35
   24
   11
16381
16368
16357
16346
16334
16322
16314
16309
16305
16302
16304
16303
16307
16313
16321
16328
16336
16351
16363
16375
    1
   13
   26
   36
   51
   63
   79
   80
   78
   79
   79
   84
   77
   71
   62
   56
   45
   33
   23
   13
16382
16371
16356
16344
16332
16322
16317
16312
16302
16300
16297
16300
16306
16314
16322
16327
16338
16347
16358
16377
    4
   19
   33
   43
   53
   66
   71
   77
   76
  106
  101
   97
   89
   71
   64
   56
   47
   33
   26
   10
    5
16372
16359
16346
16337
16328
16320
16312
16305
16300
16299
16300
16304
16310
16318
16328
16337
16349
16361
16372
    1
    5
   16
   33
   43
   58
   69
   58
   64
   71
   68
   76
   72
   61
   61
   46
   39
   31
   18
   19
    3
16371
16349
16334
16325
16317
16317
16304
16300
16295
16295
16299
16313
16316
16320
16336
16336
16352
16365
16376
    2
    9
   23
   31
   34
   44
   52
   59
   78
   84
   81
   83
   81
   75
   73
   26
   20
   11
16376
    9
16378
16369
16354
16349
16333
16319
16310
16295
16297
16283
16285
16289
16297
16318
16326
16344
16344
16358
16372
    3
16373
16378
   11
   12
   47
   61
   64
   73
   85
   89
   91
   88
   81
   76
   60
   59
   56
   44
   44
   27
   10
    3
16373
16368
16354
16341
16331
16319
16316
16319
16307
16307
16324
16316
16324
16332
16323
16336
16359
16381
   16
   27
   34
   27
   36
   51
  115
  128
  140
  143
   89
   92
   79
   71
   60
   51
   42
   33
   26
   14
16376
16360
16349
16342
16337
16336
16309
16297
16290
16283
16297
16300
16311
16302
16304
16320
16329
16351
16363
16373
    0
   11
   25
   38
  145
  148
  164
  175
   79
   81
   82
   78
   78
   73
   69
   56
   47
   34
   22
   11
16381
16368
16356
16346
16334
16326
16316
16310
16306
16304
16301
16304
16304
16310
16319
16323
16334
16346
16358
16372
    1
   14
   27
   40
   49
   61
   67
   70
   78
   80
   81
   72
   74
   68
   58
   57
   44
   34
   22
   10
   44
   20
    4
16377
16328
16319
16314
16308
16304
16305
16305
16303
16304
16310
16311
16326
16333
16345
16355
16365
16374
    0
   16
   27
   45
   58
   67
   72
   80
   84
   90
   89
   82
   91
   80
   77
   73
   36
   24
   10
16379
16368
16354
16341
16332
16323
16316
16311
16303
16293
16297
16302
16307
16308
16317
16325
16339
16348
16363
16374
    4
   18
   29
   38
   48
   53
   60
   77
   80
   83
   83
   84
   83
   71
   65
   56
   46
   36
   25
   12
    0
16372
16358
16348
16336
16327
16320
16311
16310
16302
16303
16307
16312
16312
16325
16337
16349
16357
16361
16374
16380
   19
   31
   42
   54
   50
   59
   69
   73
   87
   85
   85
   81
   79
   75
   61
   54
   42
   27
   17
16375
16364
16353
16340
16336
16328
16319
16312
16309
16305
16302
16306
16299
16300
16303
16308
16331
16348
16360
16374
    2
   14
   35
   43
   50
   59
   67
   74
   84
   84
   87
   81
   73
   67
   68
   67
   56
   50
   28
   16
16382
16367
16355
16345
16341
16326
16309
16306
16299
16298
16309
16302
16300
16302
16306
16323
16331
16348
16364
16370
    8
   10
   22
   41
   50
   64
   72
   73
   75
   77
   73
   69
   71
   66
   61
   59
   51
   45
   33
   27
    8
16376
16374
16358
16352
16342
16317
16307
16303
16307
16326
16335
16337
16341
16339
16339
16355
16370
16380
   14
16366
16374
16375
16377
   47
   40
   28
   39
   36
   60
   89
   96
  108
   95
   76
   66
   55
   34
   36
   23
    5
16376
16349
16338
16328
16300
16292
16284
16291
16296
16296
16300
16293
16303
16313
16332
16347
16356
16358
16362
16380
   11
   54
  101
  114
  129
  108
   80
   80
   77
   71
   67
   75
   74
   72
   56
   44
   40
   27
   24
    7
16372
16360
16347
16347
16343
16335
16352
16341
16329
16333
16313
16320
16321
16324
16329
16332
16349
16357
16364
    7
   24
   50
   64
   61
   73
   72
   88
   91
   89
   89
   75
   82
   93
   86
   75
   60
   41
   15
16379
16346
16329
16338
16332
16344
16315
16315
16305
16297
16310
16305
16296
16296
16304
16304
16326
16323
16330
16348
16361
16383
    6
   23
   41
   57
   80
   86
   94
   90
   89
   86
   80
   77
   72
   68
   61
16368
16353
16329
16317
    3
16373
16357
16345
16331
16306
16306
16337
16333
16355
16339
16295
16294
16285
16306
16318
16331
16355
16368
    4
   16
   11
   17
   38
   16
   31
   42
   31
   78
   88
   91
   92
   75
   67
   57
   58
   67
   55
   41
   25
16377
16355
16348
16335
16333
16333
16322
16315
16309
16284
16285
16290
16307
16331
16348
16349
16342
16361
16366
    0
   13
   19
   19
   22
   46
   50
   58
  300
  312
  348
  328
   94
   93
   85
   80
   67
   61
   41
   30
   18
16373
16346
16335
16340
16337
16325
16302
16293
16301
16264
16266
16244
16253
16298
16300
16325
16329
16338
16370
16374
    0
   19
   25
   44
   60
   64
   71
   74
   73
   84
   83
   87
   90
   81
   84
   62
   41
   32
   10
16380
16377
16366
16352
16355
16342
16325
16317
16309
16313
16310
16314
16324
16313
16297
16302
16288
16298
16338
16348
16361
16376
    7
16261
16240
16153
16161
   48
   67
   69
   79
   75
   87
   36
   35
16319
16278
16246
16259
   50
   30
   21
16319
16298
16306
16287
16345
16350
16322
16335
16326
16275
16281
16269
16250
16312
16320
16290
16318
16325
16341
    7
   39
   60
   43
   32
   51
   49
   65
   68
   52
   51
   44
   53
   41
   38
   37
   19
   27
   40
   21
16378
16371
16352
16338
16338
16336
16329
16311
16292
16258
16272
16291
16318
16345
16326
16344
16345
16346
16368
16368
    3
   12
   33
   83
   95
  102
   79
   32
   59
   69
   87
  103
   82
   87
   68
   56
   41
   12
16373
16373
16358
16351
16360
16350
16353
16330
16323
16301
16286
16285
16277
16280
16303
16347
16356
16352
16348
16359
16374
16374
16364
  198
16186
   23
16254
  476
16078
16339
  124
  185
16296
16041
  194
  333
15977
16289
  207
  195
15791
  429
16177
   42
16274
   89
    0
  165
16288
16376
   75
16238
16278
  295
15913
  334
   92
    6
16060
  203
16283
    4
16383
16355
16367
16214
   81
   19
16244
  349
  338
15409
  692
16167
16337
   62
16121
  248
16225
16375
16374
16250
   58
  171
  623
15867
  245
16262
   14
  213
16271
  133
16346
   46
16376
16265
  474
   47
  111
16180
   17
  172
16274
   69
16336
   12
16343
  103
16306
16326
16193
  348
16172
16339
   89
16365
  116
16258
  159
   51
 1010
15546
   80
  287
  132
16221
  183
16270
   34
   46
16324
   70
16361
16328
16287
   44
  123
16238
16376
16316
   54
16347
  179
16295
  214
16144
   87
  185
16161
16349
  211
16255
   32
 1510
15136
  259
  113
   13
16368
16383
   39
16353
   47
16343
16373
   22
16372
16307
   38
   21
   63
16295
   65
16379
16303
   49
16374
    0
16361
16274
  123
16350
16333
   21
   29
16335
    3
16381
   30
16329
   50
16366
    7
16372
16368
16364
   46
16367
   10
    6
   34
   10
16352
  486
16063
   74
   37
    7
16344
   54
16365
16334
   30
16373
16366
   10
16353
    0
    2
16378
16382
16382
16375
    5
    8
16361
   17
16377
   17
16375
   15
    0
    5
    5
16379
16378
16382
16377
16370
   32
16355
   12
16378
   10
    9
16349
   24
16376
16383
16378
   12
16376
    4
16380
16333
   34
16375
16262
  186
16308
16215
16207
  252
  252
16274
   29
16283
16371
   76
   24
16272
16375
   95
   20
16307
16190
  234
16374
16251
   39
  321
16173
16346
16274
   48
16227
   97
   37
   64
   94
16186
16379
  491
16064
16198
  157
16275
   24
   31
16347
   59
16312
16330
16240
  311
16269
    1
16324
  171
16280
  141
  120
16245
16372
16306
   14
   44
   32
   19
   38
16291
   19
   55
16301
16350
15752
  697
16329
16354
   38
16312
  149
   57
16288
16277
  343
16185
   95
16264
16328
  109
16347
   84
16199
   58
16356
  121
16361
16276
16286
16362
   88
 1606
14666
   18
16182
  106
16295
   82
16370
16376
16366
   91
16286
   89
16341
   11
16284
   56
16366
   13
    1
16315
  114
   26
16357
   21
16342
   31
   17
   48
16359
   41
16282
   69
16343
  423
15601
  172
  182
16350
   33
   36
16191
  128
16332
   36
   13
16365
16371
    3
16348
   29
16344
    3
  118
16265
16374
   36
16367
    8
16302
   29
16335
  239
16121
    2
16349
   25
16331
   50
   29
   18
16136
  258
16369
  165
16382
   20
16269
   59
16370
   42
16365
   14
16237
  125
   53
16333
  147
   33
   26
    5
   44
16209
   19
  100
16347
16379
   53
   39
   68
16247
   18
16339
   42
16366
   51
16361
16323
   48
   13
   85
16254
   59
16366
16339
   36
   20
   65
16269
16301
16330
   16
    2
16305
   85
   25
    3
   51
16354
  328
15944
16369
   12
    4
16344
   38
16370
    6
    4
16147
  311
   82
   12
16373
   25
16375
   50
16334
    3
   16
16379
   34
16377
   13
16331
   41
   91
16251
16310
   26
16354
16377
16360
    5
16357
16372
   41
   47
16374
16360
   30
    9
16379
16371
   26
16360
16372
   58
   17
16318
   95
   64
    2
16352
16373
    7
    7
16366
16365
16361
16379
   11
  119
16280
16303
16377
16334
   55
   30
16368
   33
16371
16366
   32
16356
16343
16361
   56
16380
   24
16375
   10
    5
16322
   56
16297
   13
16372
16367
16381
16362
   11
16369
16362
16364
   31
16366
    0
   30
   24
   17
    2
16348
16371
    3
    9
    1
16355
16321
  146
16345
   21
16368
16326
   25
16360
   38
    1
16356
   22
16348
   32
16317
16382
   26
16374
   85
16331
    7
   54
16325
16343
16378
16337
16383
16372
    5
16316
    1
16348
   53
   14
16352
16369
16340
16326
   30
    1
   11
16326
16347
   24
   40
   35
   18
16383
    2
16360
   63
16246
16319
16371
16364
  102
16184
16341
16372
   35
   28
16382
  147
16076
16321
16320
   25
16359
16358
   38
16341
    6
16361
   15
16364
   41
16364
   15
    1
   29
16383
16328
   17
16339
   77
16287
16372
16358
    4
16362
   26
16369
   30
    3
   17
16374
16374
    0
16376
    6
   12
16373
16354
   10
16300
16351
16351
16370
16375
    3
16339
16371
16337
   11
    7
   11
16379
16379
16368
    9
16381
16354
    9
   12
16373
    3
   14
   15
   14
16365
    5
    5
16378
    7
   10
    1
16352
    5
    7
    0
   31
16348
  195
   48
   65
    3
16379
16379
    2
   16
   13
   18
    4
   59
    7
   11
16364
16376
16331
  180
   80
   52
16370
16372
   16
16366
16372
16370
16382
16379
    4
    0
    8
16378
    0
16383
16377
    1
    9
   20
   11
16375
   59
   89
   37
    7
16362
    8
    1
16376
    4
16370
    4
16381
16361
16376
16377
16379
16377
16374
    3
16378
    7
    3
    4
    1
    8
    3
    3
    7
16381
16373
16360
16362
16358
16361
    8
   22
   26
    2
16374
16378
16378
16379
   18
    8
    0
16381
    6
16370
    6
16379
    3
16367
16356
16353
16371
16364
16378
16375
16383
16364
16378
16383
   11
   14
    8
16377
16370
16342
16354
16359
16374
16370
16374
    4
    0
   15
    2
    0
   10
   11
   21
    8
    4
16378
16378
    0
   18
    5
16381
16369
16354
16361
16368
16367
16360
16362
16370
16371
    8
16373
16379
16374
16380
16364
16371
16379
    4
    7
    7
16381
16359
16368
16371
    7
   13
   29
   15
16375
    3
   10
    8
   35
   16
   27
    9
   10
   21
   16
   15
16374
16379
16370
16380
16364
16359
16361
16376
16375
16364
16363
16380
16367
16355
16344
16327
16356
16360
16378
16383
16382
    9
   13
    8
16381
16378
16380
    1
16383
    4
16378
16370
16363
16379
    6
   20
   10
    8
    0
    8
    6
16371
16369
16373
   16
    7
16368
16357
16349
16355
16377
16373
16382
16372
    3
   22
   38
   32
   26
16366
16361
16345
16380
16380
    3
    1
    4
    9
   33
   66
   44
   25
16374
16383
    3
    0
16378
16368
    0
    3
   15
   11
    2
16382
16379
16381
    4
    2
    6
    8
    6
   30
16379
    0
16374
    1
   20
   15
    9
    3
16376
16372
16364
16351
16353
16367
16377
16382
16377
16361
16365
16379
    4
   34
   46
16379
   20
16376
   20
   11
16379
16370
16356
16351
16340
16365
   16
   20
   24
16376
16378
   19
   21
   17
16381
16365
16379
16380
   11
16377
16342
16349
16338
16365
16362
16367
16378
    1
    6
   13
    6
   10
    9
16363
16355
16355
16373
   11
16379
16382
    6
   30
   50
   39
   33
   14
   15
16380
16368
16372
    3
    8
16377
16376
16380
    6
    4
    1
    3
   13
16383
16378
16365
16371
16366
16356
16347
16365
16382
   18
16373
16372
16363
16375
    4
16383
   20
16374
16332
16328
16307
16354
16356
16366
16371
16374
16374
    1
    6
   14
   14
    2
16382
16380
16382
    3
    9
   12
   25
   27
   15
16381
16372
16367
16376
16373
16380
16377
16375
16380
16381
16376
16379
    4
   15
16231
16104
16114
16113
16379
    4
    4
16383
16381
16378
16382
16382
16378
16381
16383
16381
    0
16382
    3
    0
    0
16382
16382
16382
16383
    1
    1
    0
    0
16383
16383
    4
    0
16383
16382
    0
    0
16383
16383
    0
    0
16383
16382
    0
16383
16383
16383
    0
16383
16383
    0
    0
16383
16383
16382
    0
    0
    0
    1
    0
    1
    0
    0
16383
16383
16383
16382
    0
    0
    1
    0
    0
    1
    1
    0
16383
16383
    2
    1
    1
16382
16381
16382
16383
16383
16382
16370
16373
16372
16376
16381
16383
    0
16383
    0
    0
16383
    0
    0
    0
    1
    3
    3
    3
    1
16383
16377
16363
16366
16366
16375
16383
16383
    0
    0
    0
    0
16383
    0
    0
    0
    0
    0
    0
    0
    0
16383
    0
16382
16382
    0
    0
    2
    2
    1
    0
    2
    2
    3
    4
    1
    2
16380
16377
16379
16379
16382
    0
16383
16382
16383
16381
16382
16383
    3
    2
    1
    2
    2
    2
    1
16382
16379
16378
16378
16377
16379
16381
16381
16379
16379
16377
16375
16378
16380
16369
16373
16376
16373
    1
16382
16382
    0
16382
16382
16381
16379
16374
16339
16343
16349
16357
    1
16383
16383
16383
16383
    0
    0
    1
    1
    2
    2
    2
    2
    1
    0
16382
16383
16382
    1
    4
    4
    2
    1
16382
16382
    2
    3
    2
    4
    4
    2
    3
    1
16379
16380
16380
16380
    1
    2
    3
    2
    1
16380
16382
16383
    0
    0
16383
    0
16383
16383
16381
16381
16378
16380
16382
16381
    0
    0
16383
    1
    0
16383
16382
16380
16380
16380
16383
    6
    4
    7
    6
    2
    3
    0
    0
16381
    1
    3
    3
    4
    3
    3
    5
    4
   20
   15
   10
   13
16378
16381
16382
    5
    7
   13
   12
    7
    2
16380
16380
16377
16380
16381
16377
16380
16380
16377
16378
16379
16381
    0
    5
    1
16381
16381
16378
16364
16375
16374
16372
    3
16383
16383
16382
    2
16382
16382
16380
16380
    0
    2
    4
    3
    1
16383
16382
16376
16380
16378
16383
    0
    0
    4
   14
   13
   14
   17
    3
    3
    6
    2
16380
16383
16378
16378
    0
16380
16373
16374
16368
16370
16375
16378
16380
16380
16379
16379
16382
16378
16380
16378
16377
16364
16369
16363
16365
16383
    4
    9
    5
16380
16379
16364
16365
16374
16368
16379
    0
16382
16381
16382
16382
16379
16379
16379
16382
16379
16381
    7
16337
16328
16321
16304
16298
16297
16294
16295
16304
16304
16312
16322
16329
16348
16361
16376
    6
   22
   32
   36
   44
   52
   61
   72
   79
   83
   84
   85
   75
   72
   63
   61
   50
   45
   37
   20
    7
16369
16356
16338
16328
16326
16315
16305
16299
16347
16344
16354
16361
16307
16342
16353
16367
16379
16353
16368
    3
   21
   33
   49
   55
   62
   73
   73
   78
   89
   97
   97
   91
   73
   63
   52
   45
   38
   26
   14
    1
16366
16346
16327
16309
16311
16308
16312
16311
16297
16292
16295
16309
16322
16339
16338
16343
16335
16347
16369
16379
   34
   45
   51
   67
   65
   78
   90
   93
   97
   89
   87
   86
   64
   52
   37
   17
   18
   17
   14
    8
    1
16376
16371
16361
16350
16334
16320
16306
16298
16291
16275
16283
16286
16287
16305
16315
16306
16335
16346
16357
   12
   31
   51
   67
   71
   79
   85
   93
   98
   95
   93
   84
   82
   60
   44
   36
   25
   23
   16
    2
16373
16358
16351
16343
16335
16323
16319
16307
16297
16295
16291
16300
16310
16316
16327
16335
16342
16364
16377
   22
   38
   47
   64
   55
   61
   79
   76
   84
   92
   66
   66
   62
   49
   59
   51
   41
   37
   33
   23
   11
16378
16356
16338
16329
16319
16310
16309
16300
16289
16298
16301
16312
16322
16316
16320
16325
16330
16356
16368
16378
    9
   33
   65
   76
   94
   94
   82
   87
   83
   68
   80
   76
   52
   59
   41
   27
   34
   28
   23
   15
16232
16218
16189
16157
16335
16322
16315
16305
16300
16299
16307
16306
16312
16313
16317
16330
16339
16355
16375
    5
   15
   32
   41
   52
   61
   74
   79
   84
   88
   81
   80
   79
   72
   64
   49
   37
   35
   28
   21
    8
16372
16358
16347
16334
16322
16312
16304
16302
16302
16303
16301
16305
16313
16315
16323
16336
16348
16360
16371
16365
16383
   27
   39
   46
   54
   64
   71
   83
   84
   82
   78
   73
   69
   66
   59
   54
   42
   30
   17
16382
16368
16356
16346
16332
16321
16312
16306
16305
16299
16297
16297
16298
16308
16314
16323
16336
16345
16358
16369
16381
   10
   25
   40
   49
   58
   66
   72
   78
   80
   81
   81
   77
   71
   63
   52
   41
   32
   20
   13
    1
16373
16353
16343
16330
16320
16312
16307
16305
16300
16301
16302
16304
16311
16318
16328
16339
16349
16365
16374
    3
   19
   24
   34
   48
   58
   70
   83
   84
   87
   88
   83
   81
   74
   65
   56
   39
   30
   14
16382
16376
16362
16351
16342
16332
16324
16316
16312
16296
16289
16290
16293
16311
16315
16326
16336
16338
16350
16359
16371
    1
   14
   22
   33
   43
   54
   65
   74
   80
  102
  101
   91
   92
   59
   51
   36
   24
   21
   12
    8
16368
16358
16358
16347
16340
16325
16310
16306
16302
16306
16302
16301
16305
16303
16317
16331
16335
16342
16349
16355
16376
    5
   18
   31
   41
   59
   76
   85
   75
   73
   68
   66
   78
   79
   73
   64
   60
   45
   30
   20
16378
16364
16351
16334
16329
16322
16318
16314
16309
16301
16295
16295
16304
16305
16316
16331
16335
16344
16348
16363
16374
    1
   22
   31
   49
   65
   75
   81
   80
   83
   84
   83
   82
   88
   61
   45
   32
   25
   37
   24
   16
16366
16350
16346
   16
    5
16356
16358
16295
16292
16313
16304
16296
16302
16310
16337
16319
16339
16354
16347
   10
   10
   22
   23
   15
   24
   35
   51
   76
   73
   89
   84
   78
   89
   63
   72
   62
   36
   20
16383
16375
16364
16330
16311
16296
16297
16312
16308
16340
16338
16319
16321
16289
16290
16315
16331
16342
16352
16358
16363
16371
16378
   31
   43
   57
   59
   28
   36
   48
   64
   77
   77
   61
   42
   37
   33
   27
   51
   41
   30
   19
16363
16364
16351
16311
16340
16322
16312
16345
16305
16316
16310
16311
16309
16309
16320
16330
16340
16356
16372
    5
   17
   43
   56
   70
   75
   73
   80
   73
   81
   57
   53
   55
   47
   56
   38
   36
   30
   55
   64
   39
   18
16359
16338
16326
16326
16317
16355
16368
16366
16371
16312
16310
16308
16333
16371
16374
16382
16374
    5
   22
   67
   77
   69
   92
   72
   81
   92
   94
   89
   76
   38
   20
   32
   22
   59
   50
   36
   40
   17
    3
16369
16340
16333
16314
16316
16326
16315
16342
16323
16310
16352
16333
16342
16358
16320
16337
16357
16355
    0
16372
    4
   21
   26
   47
   50
   51
   43
   57
   63
   69
   77
   84
   65
   68
   36
   20
   25
   18
   27
    9
16372
16365
16360
16351
16308
16285
16273
16287
16313
16306
16297
16272
16260
16266
16292
16331
16380
    7
   18
   11
   44
   61
   55
   61
   57
   62
   74
   98
   81
   77
   88
   67
   70
   96
   76
   64
   21
16365
16357
16348
16361
16346
16337
16356
16346
16353
16348
16321
16327
16311
16313
16312
16296
16245
16247
16268
16286
16359
    9
   21
   42
   64
   67
   59
   56
   66
   58
   79
  101
   99
  108
   88
   55
   11
    5
    3
    2
   23
16383
16355
16354
16350
16349
16337
16320
16351
16330
16344
16345
16286
16290
16289
16292
16306
16303
16313
16322
16340
   17
   29
   98
  118
   57
   91
15842
15676
16090
16121
   66
   59
   68
   49
   47
   50
16313
16318
16381
16280
16245
16315
   47
  131
   81
16339
16266
16316
16373
16320
16311
16294
16325
16267
16292
16318
16289
16221
16224
16324
   83
  188
   73
  196
  147
   81
  304
  340
  201
  207
  220
  168
   99
   29
16327
   30
   92
  121
   49
   34
   16
16328
    2
    2
   10
16369
    4
16371
16264
16170
16270
16319
16313
16291
16271
16244
16175
16175
16331
16329
    6
   45
16370
16365
16358
16371
16361
16372
   16
   30
  106
  125
  136
  101
   37
   77
   72
   80
   41
16362
16369
16379
   55
  101
   16
   38
16383
16354
16340
16257
16282
16206
16185
16312
16363
16376
16380
16346
16311
16349
    3
   67
  134
  123
   88
16334
   15
   42
16357
  120
  206
   75
16353
16353
    9
16382
  125
  196
  124
   62
16323
16266
16360
   52
   21
16323
16256
16262
16339
16380
16301
16319
16313
16271
16301
16353
16352
16340
16330
16350
16373
   13
    3
16380
   10
   30
16381
   61
16219
16192
16377
16379
   55
   44
   64
   34
16230
16144
16305
16317
   11
   19
16344
16298
16360
16324
16307
16301
16295
16339
16352
16324
16305
16263
16321
16337
16323
    3
   24
   82
  101
   88
   40
   25
   49
   38
   54
   58
   62
  120
  125
  142
  149
  118
   99
   94
   68
   77
   73
   24
   15
   46
   32
16381
   22
   10
16347
16348
16340
16351
16337
16319
16325
16357
   10
16351
16307
16328
16355
16361
16379
   23
   45
   55
    4
   25
   58
   74
  104
  103
   91
  107
  105
   79
   59
   78
   60
16374
   12
   27
   32
   40
   38
   45
16352
16308
16317
16315
16339
16316
16304
16315
16348
16346
16313
16297
16281
16347
16379
    0
   16
16325
16300
16351
   28
  119
   98
   74
   79
  103
   75
   61
   39
15943
15779
16311
16327
   45
   37
   24
    9
    1
16370
16355
16347
16335
16323
16317
16309
16309
16303
16302
16304
16307
16313
16321
16327
16337
16349
16359
16372
    0
   15
   28
   44
   51
   62
   73
   71
   77
   81
   85
   85
   77
   72
   63
   60
   49
   33
   22
   10
16380
16368
16356
16347
16337
16325
16317
16309
16304
16300
16300
16300
16303
16309
16318
16328
16338
16349
16362
16375
    3
   15
   27
   40
   50
   61
   70
   76
   80
   81
   80
   78
   76
   72
   66
   58
   45
   33
   18
    7
16377
16362
16352
16342
16334
16325
16317
16311
16306
16296
16296
16302
16305
16312
16318
16328
16337
16348
16359
16373
    5
   16
   28
   39
   47
   30
   38
   52
   62
   76
   73
  123
  122
  112
  104
   55
   44
   34
   22
    9
16380
16368
16356
16345
16335
16323
16317
16313
16305
16300
16300
16302
16304
16313
16319
16331
16340
16349
16362
16372
    2
   18
   29
   41
   47
   54
   64
   71
   78
   82
   80
   77
   81
   77
   67
   57
   41
   27
   16
    4
16357
16349
16340
16333
16336
16323
16313
16310
16304
16302
16305
16304
16305
16308
16314
16320
16334
16341
16352
16367
16381
    7
   16
   37
   57
   61
   73
   75
   74
   82
   80
   82
   84
   81
   77
   64
   49
   31
   13
    1
16374
16364
16356
16347
16333
16328
16314
16303
16304
16300
16301
16306
16309
16315
16321
16335
16342
16352
16366
16368
16376
   16
   27
   24
   37
   40
   54
   75
   83
   80
   77
   75
   74
   70
   60
   52
   46
   39
   25
   23
    2
16369
16359
16341
16334
16325
16314
16308
16305
16305
16314
16314
16325
16336
16321
16318
16319
16329
16352
16381
    7
   26
   52
   57
   76
   75
   79
   83
   82
   88
   87
   93
   76
   70
   62
   43
   39
   26
   15
   10
16381
16374
16367
16358
16353
16339
16323
16307
16300
16293
16297
16295
16294
16304
16312
16325
16337
16330
16321
16347
16377
   22
   54
   53
   49
   46
   57
   65
   66
   84
   82
   75
   80
   71
   65
   66
   56
  127
  112
   89
   75
16376
16363
16353
16346
16330
16321
16309
16299
16299
16295
16295
16301
16297
16311
16326
16335
16357
16366
16378
    4
   17
   30
   47
   60
   69
   73
   83
   91
   90
   86
   76
   68
   54
   62
   81
   70
   68
   46
    1
16372
16355
16348
16328
16329
16327
16314
16311
16307
16303
16301
16308
16302
16306
16313
16319
16340
16348
16360
16378
    6
   18
   35
   51
   64
   75
   82
   82
   84
   84
   81
   71
   58
   58
   48
   37
   47
   30
   31
   31
    9
   12
16372
16351
16342
16320
16318
16313
16298
16298
16286
16288
16303
16313
16326
16338
16353
16367
16375
16382
    8
    8
   26
   40
   69
   34
   41
   46
   29
   81
   85
   88
  102
  101
   87
   78
   51
   50
   46
   33
   20
16376
16353
16352
16339
16321
16315
16310
16309
16312
16304
16287
16295
16314
16324
16343
16351
16345
16362
16360
16374
   12
   23
   70
   78
   83
   99
   70
   76
   79
   74
   76
   70
   68
   58
   56
   41
   31
   20
    1
16368
16360
16351
16324
16321
16310
16303
16308
16313
16312
16307
16321
16304
16314
16302
16303
16340
16348
    0
    2
16378
    1
16382
    7
   31
   42
   60
   96
   91
   89
   95
   89
   82
   41
   16
16377
16369
   32
   23
    7
    2
16360
16365
16360
16342
16349
16335
16332
16344
16328
16329
16331
16324
16325
16327
16344
16339
16340
16354
16348
16370
   16
   46
   55
   59
   67
   51
   76
   87
   84
  106
   83
   78
   76
   55
   57
   46
   40
   32
   10
   14
16381
16364
16362
16341
16322
16322
16318
16238
16238
16230
16230
16300
16304
16346
16363
16377
16382
16362
16380
   21
   43
   34
   35
   40
   60
   68
   86
   95
   77
   98
   86
   75
   75
   51
   37
   38
   30
   21
   15
16382
16371
16370
16360
16347
16335
16329
16312
16297
16300
16288
16287
16296
16289
16309
16331
16346
16367
16374
16369
16379
    2
   12
   36
   51
   69
   81
   97
   32
   15
   13
16372
   52
   12
    0
    4
   11
   29
   36
   13
16374
16381
16101
16068
16057
16061
16303
16304
16306
16305
16307
16309
16321
16312
16315
16328
16328
16336
16358
16369
    4
   20
   38
   46
   53
   56
   65
   72
   81
   88
   89
   87
   83
   70
   64
   43
   44
   45
   30
   18
    4
16373
16361
16356
16307
16267
16231
16172
16331
16342
16301
16292
16295
16274
16277
16302
16307
16351
16362
16376
    3
   36
   56
   49
   73
   57
   64
   74
   73
   75
   72
   73
   71
   63
   54
   55
   42
   43
   33
   15
    0
16369
16351
16346
16335
16332
16325
16309
16308
16289
16282
16282
16292
16322
16363
16366
16374
16367
16363
    2
   12
   25
   34
   45
   49
   30
   17
   41
   40
   68
   80
  106
  106
  121
  102
   80
   68
   41
   37
   54
   38
   24
   24
16346
16330
16320
16305
16316
16320
16311
16317
16299
16302
16290
16286
16213
16187
16273
16256
16375
16367
16375
   16
   32
   55
   57
   63
   56
   69
   84
   93
   97
   83
   75
   60
   56
   48
   34
   24
   14
16381
16370
16361
16343
16330
16320
16315
16314
16305
16303
16304
16301
16305
16309
16316
16324
16331
16341
16357
16366
16381
   18
   33
   43
   50
   59
   67
   70
   73
   79
   80
   78
   76
   68
   61
   57
   48
   36
   21
    4
16378
16370
16357
16345
16334
16322
16312
16310
16307
16301
16297
16297
16304
16312
16317
16328
16340
16351
16361
16373
    2
   15
   30
   30
   40
   62
   68
   72
   78
   81
   81
   79
   75
   70
   65
   58
   46
   32
   18
    7
16368
16357
16355
16341
16330
16322
16318
16311
16305
16304
16302
16305
16309
16309
16321
16327
16335
16348
16360
16374
    2
   15
   29
   43
   50
   59
   67
   69
   55
   62
   53
   51
   67
   66
   69
   54
   44
   28
    7
    6
16380
    1
16375
16358
16353
16323
16309
16310
16299
16296
16304
16305
16309
16311
16314
16321
16333
16344
16346
16363
16377
   11
   34
   39
   44
   52
   63
   72
   80
   86
   83
   71
   60
   55
   45
   43
   46
   25
   19
   11
16381
16377
16372
16363
16349
16338
16312
16295
16301
16301
16300
16301
16292
16292
16308
16312
16319
16342
16359
16382
   10
   18
   32
   53
   69
   75
   86
   77
   89
   94
   88
   77
   63
   50
   49
   58
   29
   19
   25
    6
    2
16377
16343
16335
16329
16352
16324
16313
16309
16282
16302
16313
16310
16317
16323
16305
16318
16315
16324
16364
16373
    0
   19
   31
   42
   42
   48
   54
   51
   64
   69
   62
   97
   91
   83
   75
   42
   40
   46
   23
   18
16368
16336
16336
16323
16335
16332
16322
16296
16296
16293
16292
16299
16307
16331
16343
16371
16371
16368
    8
16377
   15
   34
   40
   62
   72
   76
   78
   76
   71
   67
   70
   64
   63
   63
   52
   42
   27
   21
   12
    9
    2
16371
16354
16362
16346
16337
16333
16305
16312
16307
16289
16293
16295
16308
16362
16373
16368
16355
16332
16355
16369
   15
   40
   36
   54
   61
   67
   78
   81
   94
  101
   98
   92
   77
   64
   54
   52
   43
   35
   17
    4
16372
16355
16346
16330
16315
16304
16290
16286
16291
16311
16329
16339
16345
16347
16351
16361
16370
16381
16379
16374
16381
16383
   28
   50
   66
   77
   80
   63
   58
   64
   61
   68
   72
   84
   46
   35
   13
16343
16353
16355
16341
16347
16342
16341
16200
16186
16177
16147
16307
16266
16254
16261
16287
16334
16350
16361
16361
16376
    7
   10
   15
   10
   25
   40
   62
   88
   87
   89
   94
   86
   77
   74
   53
   46
   45
   27
   18
    5
16367
16363
16357
16353
16343
16319
16305
16307
16330
16340
16334
16319
16313
16308
16328
16331
16331
16356
16363
   11
   31
   41
   56
   55
   60
   68
   78
   76
   84
   87
   78
   70
   63
   58
   64
   68
   52
   40
   25
   22
   12
16374
16355
16321
16310
16313
16300
16306
16301
16293
16314
16312
16322
16333
16343
16339
16345
16354
16351
16377
    6
   21
   38
   76
   86
   90
   89
   71
   73
   80
  162
  151
  159
  142
   60
   60
   39
   39
   15
16378
16373
16365
16370
16359
16346
16319
16291
16285
16280
16277
16294
16300
16304
16310
16311
16316
16322
16339
16351
16363
16379
    6
   15
   25
   39
   52
   81
   97
  106
  105
   91
   82
   75
   75
   66
   77
   63
   48
   29
    0
16374
16367
16362
16357
16344
16328
16324
16310
16292
16298
16287
16288
16298
16307
16321
16330
16345
16352
16360
16380
    5
    9
   23
   29
   45
   67
   71
   84
   86
   81
   81
   74
   73
   70
   59
   52
   45
   24
   18
16382
16371
16376
16361
16356
16344
16323
16318
16309
16312
16316
16322
16321
16325
16322
16325
16339
16372
16344
16360
16366
16362
   34
   30
   40
   47
   55
   79
   82
   77
   79
   76
   70
   78
   74
   64
   66
   48
   39
   24
    8
16383
  192
  183
  180
  156
16323
16312
16307
16305
16304
16303
16304
16310
16315
16319
16320
16331
16345
16359
16372
    0
   15
   28
   36
   43
   59
   70
   77
   81
   50
   50
   62
   76
   75
   69
   56
   45
   34
    5
16381
16367
16349
16346
16333
16326
16322
16320
16314
16308
16302
16306
16304
16307
16313
16318
16327
16337
16352
16363
16373
    0
   11
   26
   40
   52
   59
   67
   74
   79
   81
   82
   80
   76
   72
   63
   54
   47
   37
   24
   11
16383
16369
16360
16353
16343
16334
16324
16312
16302
16298
16295
16298
16304
16307
16315
16323
16334
16348
16360
16373
    2
   17
   31
   41
   50
   59
   68
   75
   77
   79
   81
   75
   72
   49
   38
   33
   31
   37
   28
   16
    4
16371
16358
16344
16325
16315
16307
16302
16303
16302
16300
16301
16306
16306
16312
16321
16336
16348
16360
16373
    3
   15
   29
   40
   51
   63
   67
   73
   77
   81
   82
   80
   77
   72
   65
   56
   47
   35
   23
    9
16381
16368
16355
16344
16332
16323
16315
16309
16306
16303
16303
16303
16306
16312
16317
16326
16336
16345
16359
16372
    1
   20
   31
   41
   53
   58
   68
   73
   79
   83
   82
   82
   78
   69
   65
   56
   45
   33
   22
   11
16382
16374
16360
16350
16338
16326
16317
16307
16304
16303
16302
16305
16306
16310
16322
16326
16341
16353
16361
16374
16376
    5
   13
   27
   48
   59
   74
   80
   85
   87
   87
   87
   80
   74
   66
   46
   37
   24
    3
    6
16376
16361
16356
16339
16328
16319
16309
16311
16308
16304
16305
16301
16303
16310
16316
16324
16338
16345
16360
16376
    4
   19
   16
   31
   37
   41
   63
   70
   78
   82
   82
   78
   76
   74
   67
   59
   46
   34
   30
   15
    3
16371
16364
16350
16337
16330
16310
16308
16302
16296
16292
16297
16319
16331
16329
16335
16331
16336
16356
16370
16379
   14
    7
   21
   22
   39
   69
   79
   88
   76
   81
   78
   85
   85
   66
   64
   40
   31
   24
    5
16382
16365
16359
16340
16332
16322
16323
16320
16317
16314
16302
16301
16282
16295
16300
16310
16356
16363
16359
16365
16368
16372
   18
   42
   44
   54
   70
   71
   76
   82
  100
   95
   96
  102
   68
   52
   40
   25
   21
   20
    6
16377
16357
16345
16333
16326
16317
16311
16309
16317
16323
16325
16337
16327
16324
16330
16330
16343
16383
    8
   15
   27
   17
   13
   30
   43
  147
  177
  176
  193
   79
   76
   80
   72
   65
   58
   41
   29
   26
   15
    2
16381
16362
16353
16332
16320
16311
16300
16308
16311
16308
16310
16310
16312
16326
16333
16340
16351
16351
16362
16378
    4
   24
   26
   33
   50
   54
   73
   89
   87
   94
   87
   78
   73
   61
   56
   45
   35
   22
   15
    3
16375
16351
16333
16273
16263
16261
16252
16300
16301
16300
16302
16303
16312
16318
16327
16336
16344
16357
16368
    0
   13
   29
   43
   54
   67
   69
   77
   84
   85
   87
   86
   80
   74
   69
   56
   45
   36
   21
   10
16383
16368
16354
16342
16330
16319
16315
16307
16302
16301
16299
16302
16305
16315
16325
16330
16340
16347
16362
16376
    3
   17
   30
   37
   47
   63
   65
   72
   80
   77
   82
   90
   84
   83
   76
   58
   47
   37
   19
   12
16382
16368
16362
16345
16290
16287
16274
16249
16305
16302
16301
16302
16303
16305
16310
16318
16337
16347
16361
16374
    0
   16
   27
   39
   49
   57
   66
   71
   79
   78
   79
   64
   65
   62
   50
   50
   44
   26
   21
    7
16368
16359
16345
16343
16331
16321
16311
16306
16306
16308
16308
16307
16310
16308
16319
16326
16338
16349
16363
16379
    8
   25
   34
   45
   53
   58
   65
   72
   74
   79
   84
   82
   70
   64
   57
   50
   58
   46
   29
   20
16379
16365
16359
16342
16335
16331
16315
16314
16306
16299
16308
16306
16310
16318
16306
16316
16324
16336
16353
16358
16373
16357
16377
   13
   36
   65
   75
   85
   81
   83
   85
   78
   74
   68
   53
   45
   38
   32
   20
    7
16373
16361
16351
16343
16332
16325
16308
16297
16307
16296
16312
16327
16320
16331
16332
16334
16337
16336
16358
16365
   11
    6
   16
   29
   37
   67
   75
   76
   85
   88
   89
   94
   94
   82
   68
   57
   27
16361
16356
16343
16351
16360
16348
16326
16307
16310
16301
16304
16299
16297
16300
16238
16253
16259
16268
16335
16355
16371
16378
    2
    7
   22
   29
   37
   42
   53
   64
   72
   77
   77
   77
   73
   70
   66
   60
   56
   42
   30
   22
    8
16382
16364
16355
16345
16334
16329
16317
16314
16310
16308
16316
16312
16316
16305
16303
16307
16316
16337
16352
16364
16376
    4
   14
   30
   32
   45
   56
   69
   84
   96
   99
   88
   91
   73
   64
   59
   33
   38
    8
16379
16375
16344
16342
16338
16322
16321
16315
16302
16304
16300
16296
16298
16301
16314
16317
16327
16330
16383
    8
   21
   32
    4
   16
   33
   53
   68
   79
   73
   71
   67
   69
   78
   76
   80
   77
   68
   65
   43
   44
   34
   43
   28
    7
16371
16322
16316
16301
16302
16313
16312
16324
16323
16326
16336
16333
16337
16346
16347
16361
16378
   18
   37
   44
   35
   39
   50
   60
   78
   81
   74
   79
   70
   61
   64
   51
   50
   54
   28
   12
    4
16372
16364
16362
16355
16321
16321
16306
16293
16301
16294
16295
16297
16284
16294
16262
16278
16306
16323
16375
16380
   12
   17
   19
   36
   51
   69
   84
   89
   71
   66
   57
   59
   73
   72
   81
   68
   60
   50
   25
   13
16380
16364
16357
16352
16342
16341
16330
16321
16306
16295
16302
16304
16310
16308
16300
16308
16333
16357
16379
    3
   11
   15
   18
   32
   48
   55
   79
   76
   75
   75
   75
   88
   78
   78
   64
   33
   17
   12
16379
16383
16373
   82
   68
   49
   42
16301
16293
16292
16297
16307
16303
16305
16313
16301
16314
16332
16332
16354
16347
16329
16346
16348
16376
16360
16366
16383
    6
   69
   84
   84
   72
   77
   63
   69
   76
   56
   57
   33
   13
    3
16367
16367
16352
16343
16340
16331
16317
16302
16296
16282
16296
16295
16311
16327
16325
16348
16345
16353
16375
    0
16348
  162
  114
  129
16224
  103
   85
   51
16366
16366
15952
  180
   80
   63
16370
   97
16045
   97
  125
16249
  338
15827
  486
16378
  250
16108
  217
16330
15992
  761
16177
16039
   41
   66
  111
16326
   53
15669
  761
  132
16273
   75
   65
16243
16282
  369
16202
16358
   77
16329
   91
    4
16275
  111
16102
  301
16231
  144
16302
16323
16361
16366
16369
  194
   43
16268
  182
   90
15864
  267
15752
  565
   31
    5
16244
   19
  167
16327
16383
16186
  534
16060
16379
   55
16343
  107
16163
16378
  112
16156
  141
16275
   25
16062
  236
  187
16287
16350
16369
   55
  264
16201
  134
16185
  105
16364
16305
  156
16337
  301
15952
16315
  182
16196
16372
16378
16332
  406
16025
16234
16380
   25
   48
16357
16316
  131
15999
  422
  169
    2
   69
    4
16280
16349
   50
16334
   47
16251
  152
16321
   53
    4
    0
  105
16262
   90
16327
  181
16246
15843
  695
16293
  141
   62
  138
16378
  270
15914
15484
 1151
   34
16354
    4
16371
   18
16346
16376
16347
   66
16306
   55
16182
15807
   58
16291
  124
   12
16310
  274
16128
16355
16304
  257
16179
  159
   96
16361
16263
  283
  196
16126
16294
   80
16163
  159
16252
  145
16379
16360
  142
 1015
15516
16380
   67
   22
  103
  281
16095
16278
16310
  138
16270
  283
16233
16369
    9
  111
16267
16375
    0
   23
   33
    1
16347
16364
   10
16302
  168
16297
16273
   97
16373
   31
   25
  136
16299
   31
16302
  215
16247
16128
  187
   11
   34
16365
   64
16337
16332
16367
  176
16258
   69
   68
16370
   38
   22
16231
   77
16376
    1
   61
   12
16329
16285
   11
16349
   63
16298
  104
   30
16305
    9
   89
16355
   27
16336
   49
    7
16345
   68
    7
    1
   36
16360
16228
   81
   44
16311
   15
   85
   83
16346
16365
16321
16315
   14
16361
16293
   94
   12
   23
    9
  133
16308
   85
16321
   20
   57
16345
16285
   46
16355
16319
16357
16274
   76
16279
   59
16308
   53
16260
  118
    1
   43
16276
   72
16256
  172
  455
 2774
14326
16354
16363
   62
  154
16206
16290
16269
  205
16332
16353
16371
  103
16292
16295
16376
  123
   34
16050
  179
   55
16336
   96
16104
  145
16319
  129
16303
16213
  166
  193
   11
16165
   46
    8
16352
   77
16371
16338
   36
    1
  191
16159
   64
16348
16357
    7
  171
16339
16319
16191
  121
16321
  117
    3
16292
  114
16301
   62
16322
16333
  135
16373
   25
16176
   46
16333
  163
  148
16185
16334
16266
  129
16378
16366
    7
   79
16367
  102
16267
16302
  416
16108
16373
  150
16292
   49
16266
   97
16275
16354
16376
  120
   32
16211
16369
   28
16334
  546
16129
  591
15874
   71
16261
   26
16371
   38
16359
16332
  175
16233
16322
  130
16267
16365
  101
16381
16373
16315
   42
16339
   78
16242
16260
15733
  351
15589
  782
  392
   24
   88
   75
   24
16355
16375
16380
    3
16381
16347
16276
  107
  291
16296
16103
16265
  173
   60
16368
   57
   89
16311
16353
16320
16327
  243
  283
16154
16288
16368
16358
   25
16364
16364
   28
16359
16366
16331
   97
   67
   92
16224
16321
  110
   33
16327
    4
   14
16357
   62
   55
   47
16348
16313
   14
16378
16381
16373
   68
16355
16272
16360
   49
   60
    6
16379
    9
16345
16360
   36
   15
16372
16360
    0
   24
   28
16368
16376
16382
   31
16363
16309
    6
   30
   27
   84
16377
16345
16341
   21
16350
16369
   17
   33
16352
   45
   76
16290
16358
16373
    1
   21
   84
16343
16320
    6
16370
    6
16339
16373
   72
   14
    2
16364
16330
   33
   33
16355
16370
    8
    9
   41
16375
16358
16375
16329
   24
   48
16379
16366
   31
16380
    6
16352
   21
    7
16377
16379
16365
   32
16382
16378
   16
    2
    9
    5
16377
16338
16372
   22
16364
   26
16382
16332
16349
  141
  177
16158
16297
   53
16348
16345
   59
16340
16352
   68
  118
  122
16253
16287
16375
16371
    0
   26
   29
16338
16362
    2
16380
16376
16373
   18
   57
   13
    4
16363
16308
   19
   10
16365
16373
   20
   25
   15
    4
16349
    8
   26
   11
16379
    2
   22
   10
16368
16382
   12
16361
16343
    1
   61
   24
   25
    6
16335
16357
16379
16373
   35
16379
16363
16367
16361
16355
  103
   57
   18
16368
16376
    5
16377
16368
16372
16372
16377
16378
    7
   10
   15
16360
16381
   10
16379
    9
   16
   21
16379
   24
16375
    8
    3
16371
16379
    6
16380
16367
    6
16379
16379
    8
16380
16354
    0
    0
    7
16382
16373
    8
   16
    6
    3
16380
   18
   10
    8
   27
16376
16376
16370
   16
   22
16381
16382
16366
16373
16383
    4
    0
   16
   16
   34
   28
    4
16379
    3
    7
16370
16383
    2
16357
16357
16365
16367
   20
   36
   17
   12
    1
16380
16383
    4
    8
    3
    0
   29
   22
16369
16377
16382
16373
    0
16375
16380
    1
16370
16367
    7
    8
   15
16374
16374
16381
16369
    5
16374
   34
   53
   25
16374
16379
16381
    1
    8
   29
    9
    4
    6
16368
16376
    2
16380
16356
16376
   10
   14
16374
16380
    0
   13
16382
16383
    0
    9
   11
    4
   55
   46
   18
    5
   18
16365
16363
16381
16376
    5
    6
    4
16380
16382
    0
16376
   33
   40
    5
16383
    2
    3
    7
    3
    9
16379
16382
   13
    4
    5
   17
   20
    8
16367
16378
   15
   12
16375
16368
16365
    1
16366
16357
16380
16358
16370
16373
    1
16371
16369
    2
   12
    9
16374
16361
    0
16381
16351
    0
16328
16333
16360
16365
16363
16355
16358
    1
    3
  127
   88
16364
16343
16261
16326
16078
16191
16381
    0
16377
16378
16380
    2
    3
    8
   14
    9
   11
    4
16383
16376
16382
16381
    2
    2
16381
16372
16342
16341
16352
16378
16348
16369
16379
    4
16372
16381
16381
    8
16383
16383
    0
16383
    1
    2
16381
16383
16383
16380
16373
    0
    0
    1
16383
16382
16378
    3
    0
    0
    1
16383
16381
16383
16382
    3
16381
    3
16380
16383
16382
    6
16379
16383
16383
16383
    6
16380
16383
    0
16383
16383
    2
    0
16381
16383
16383
16382
16383
    1
    0
    0
    0
    1
    2
    2
16383
16383
    0
    6
16380
    5
    1
16382
